                   0  -0.850650808352040  -0.525731112119134
   0.525731112119134                   0  -0.850650808352040
  -0.525731112119134  -0.000000000000000  -0.850650808352040
  -0.850650808352040   0.525731112119134                   0
  -0.850650808352040  -0.525731112119134  -0.000000000000000
                   0  -0.850650808352040   0.525731112119134
  -0.525731112119134                   0   0.850650808352040
   0.525731112119134  -0.000000000000000   0.850650808352040
  -0.000000000000000   0.850650808352040   0.525731112119134
                   0   0.850650808352040  -0.525731112119134
   0.850650808352040  -0.525731112119134                   0
   0.850650808352040   0.525731112119134  -0.000000000000000
  -0.577350269189626   0.577350269189626   0.577350269189626
  -0.356822089773090   0.934172358962716                   0
  -0.934172358962716                   0   0.356822089773090
  -0.000000000000000   0.356822089773090   0.934172358962716
   0.356822089773090   0.934172358962716                   0
   0.934172358962716                   0   0.356822089773090
   0.577350269189626   0.577350269189626   0.577350269189626
   0.577350269189626  -0.577350269189626   0.577350269189626
                   0  -0.356822089773090   0.934172358962716
  -0.577350269189626  -0.577350269189626   0.577350269189626
   0.356822089773090  -0.934172358962716                   0
  -0.356822089773090  -0.934172358962716  -0.000000000000000
  -0.577350269189626  -0.577350269189626  -0.577350269189626
  -0.577350269189626   0.577350269189626  -0.577350269189626
  -0.934172358962716                   0  -0.356822089773090
   0.577350269189626   0.577350269189626  -0.577350269189626
   0.577350269189626  -0.577350269189626  -0.577350269189626
   0.934172358962716                   0  -0.356822089773090
                   0   0.356822089773090  -0.934172358962716
                   0  -0.356822089773090  -0.934172358962716
  -0.394604204111601   0.344920556371383   0.851655641612210
  -0.213172627256039   0.638483014356171   0.739524760482984
  -0.851655641612210   0.394604204111601   0.344920556371383
  -0.739524760482984   0.213172627256039   0.638483014356171
  -0.344920556371383   0.851655641612210   0.394604204111601
  -0.638483014356171   0.739524760482984   0.213172627256039
  -0.000000000000000   0.983403570727554   0.181431576855562
  -0.000000000000000   0.983403570727554  -0.181431576855562
  -0.344920556371383   0.851655641612210  -0.394604204111601
  -0.638483014356171   0.739524760482984  -0.213172627256039
  -0.851655641612210  -0.394604204111601   0.344920556371383
  -0.739524760482984  -0.213172627256039   0.638483014356171
  -0.983403570727554   0.181431576855562  -0.000000000000000
  -0.983403570727554  -0.181431576855562  -0.000000000000000
  -0.181431576855562  -0.000000000000000   0.983403570727554
   0.181431576855562  -0.000000000000000   0.983403570727554
   0.394604204111601   0.344920556371383   0.851655641612210
   0.213172627256039   0.638483014356171   0.739524760482984
   0.638483014356171   0.739524760482984  -0.213172627256039
   0.344920556371383   0.851655641612210  -0.394604204111601
   0.344920556371383   0.851655641612210   0.394604204111601
   0.638483014356171   0.739524760482984   0.213172627256039
   0.851655641612210   0.394604204111601   0.344920556371383
   0.739524760482984   0.213172627256039   0.638483014356171
   0.983403570727554  -0.181431576855562  -0.000000000000000
   0.983403570727554   0.181431576855562  -0.000000000000000
   0.739524760482984  -0.213172627256039   0.638483014356171
   0.851655641612210  -0.394604204111601   0.344920556371383
   0.394604204111601  -0.344920556371383   0.851655641612210
   0.213172627256039  -0.638483014356171   0.739524760482984
   0.344920556371383  -0.851655641612210   0.394604204111601
   0.638483014356171  -0.739524760482984   0.213172627256039
  -0.394604204111601  -0.344920556371383   0.851655641612210
  -0.213172627256039  -0.638483014356171   0.739524760482984
  -0.638483014356171  -0.739524760482984   0.213172627256039
  -0.344920556371383  -0.851655641612210   0.394604204111601
                   0  -0.983403570727554   0.181431576855562
                   0  -0.983403570727554  -0.181431576855562
   0.344920556371383  -0.851655641612210  -0.394604204111601
   0.638483014356171  -0.739524760482984  -0.213172627256039
  -0.638483014356171  -0.739524760482984  -0.213172627256039
  -0.344920556371383  -0.851655641612210  -0.394604204111601
  -0.394604204111601  -0.344920556371383  -0.851655641612210
  -0.213172627256039  -0.638483014356171  -0.739524760482984
  -0.851655641612210  -0.394604204111601  -0.344920556371383
  -0.739524760482984  -0.213172627256039  -0.638483014356171
  -0.213172627256039   0.638483014356171  -0.739524760482984
  -0.394604204111601   0.344920556371383  -0.851655641612210
  -0.739524760482984   0.213172627256039  -0.638483014356171
  -0.851655641612210   0.394604204111601  -0.344920556371383
   0.851655641612210   0.394604204111601  -0.344920556371383
   0.739524760482984   0.213172627256039  -0.638483014356171
   0.394604204111601   0.344920556371383  -0.851655641612210
   0.213172627256039   0.638483014356171  -0.739524760482984
   0.213172627256039  -0.638483014356171  -0.739524760482984
   0.394604204111601  -0.344920556371383  -0.851655641612210
   0.739524760482984  -0.213172627256039  -0.638483014356171
   0.851655641612210  -0.394604204111601  -0.344920556371383
   0.181431576855562  -0.000000000000000  -0.983403570727554
  -0.181431576855562  -0.000000000000000  -0.983403570727554
